# Created by Octave 5.1.0, Sun Dec 15 23:44:11 2019 EET <jyffe@Jyffes-MacBook-Pro.local>
# name: v
# type: matrix
# rows: 10
# columns: 1
 3999
 3299
 3690
 2320
 5399
 2999
 3149
 1989
 2120
 2425


